HEDERA_ACCOUNT_ID=0.0.4515812
HEDERA_PRIVATE_KEY=3030020100300706052b8104000a042204209c4ef546bcda3d7cc377d1acfe9036828e1e1c3e2129e4d0f245132302da5c76
HEDERA_PUBIC_KEY=302d300706052b8104000a032200027c139a504d8b5f6fe3f706b1173320e8188fc6dff7925ca80db707de75204e3f
HEDERA_ACCOUNT_ID2=0.0.4819262
HEDERA_PRIVATE_KEY2=3030020100300706052b8104000a0422042022eb8de6966d23dea56a7217f21644438765272d1a03c7a961ba1b126fba94d0