HEDERA_ACCOUNT_ID=0.0.4515812
HEDERA_PRIVATE_KEY=3030020100300706052b8104000a042204209c4ef546bcda3d7cc377d1acfe9036828e1e1c3e2129e4d0f245132302da5c76
HEDERA_PRIVATE_KEY_HEX=0x9c4ef546bcda3d7cc377d1acfe9036828e1e1c3e2129e4d0f245132302da5c76
HEDERA_PUBIC_KEY=302d300706052b8104000a032200027c139a504d8b5f6fe3f706b1173320e8188fc6dff7925ca80db707de75s204e3f
HEDERA_ACCOUNT_ID2=0.0.4819262
HEDERA_PRIVATE_KEY2=3030020100300706052b8104000a0422042022eb8de6966d23dea56a7217f21644438765272d1a03c7a961ba1b126fba94d0
HEDERA_ACCOUNT_ID3=0.0.4892918
HEDERA_PUBIC_KEY3=302a300506032b65700321004da8812bfbaf3c0e2bea9e208554e8da39e26aa235ae4abf3dc422713820b119
HEDERA_PRIVATE_KEY3=302e020100300506032b6570042204205688858e192500e654a431a3ff083209d0a1e8e0b158f3d05d631d5cb22fe253